0.jpg,161.60000000000002,183.04,251.20000000000002,250.88
1.jpg,161.60000000000002,183.04,251.20000000000002,250.88
2.jpg,161.60000000000002,183.04,251.20000000000002,250.88
3.jpg,161.60000000000002,183.04,251.20000000000002,250.88
4.jpg,161.60000000000002,183.04,251.20000000000002,250.88
5.jpg,161.60000000000002,183.04,251.20000000000002,250.88
6.jpg,161.60000000000002,183.04,251.20000000000002,250.88
7.jpg,161.60000000000002,183.04,251.20000000000002,250.88
8.jpg,161.60000000000002,183.04,251.20000000000002,250.88
9.jpg,161.60000000000002,183.04,251.20000000000002,250.88
10.jpg,161.60000000000002,183.04,251.20000000000002,250.88
11.jpg,161.60000000000002,183.04,251.20000000000002,250.88
12.jpg,161.60000000000002,183.04,251.20000000000002,250.88
13.jpg,161.60000000000002,183.04,251.20000000000002,250.88
14.jpg,161.60000000000002,183.04,251.20000000000002,250.88
15.jpg,161.60000000000002,183.04,251.20000000000002,250.88
16.jpg,161.60000000000002,183.04,251.20000000000002,250.88
17.jpg,161.60000000000002,183.04,251.20000000000002,250.88
18.jpg,161.60000000000002,183.04,251.20000000000002,250.88
19.jpg,161.60000000000002,183.04,251.20000000000002,250.88
20.jpg,161.60000000000002,183.04,251.20000000000002,250.88
21.jpg,161.60000000000002,183.04,251.20000000000002,250.88
22.jpg,161.60000000000002,183.04,251.20000000000002,250.88
23.jpg,161.60000000000002,183.04,251.20000000000002,250.88
24.jpg,161.60000000000002,183.04,251.20000000000002,250.88
25.jpg,161.60000000000002,183.04,251.20000000000002,250.88
26.jpg,161.60000000000002,183.04,251.20000000000002,250.88
27.jpg,161.60000000000002,183.04,251.20000000000002,250.88
28.jpg,161.60000000000002,183.04,251.20000000000002,250.88
29.jpg,161.60000000000002,183.04,251.20000000000002,250.88
30.jpg,161.60000000000002,183.04,251.20000000000002,250.88
31.jpg,161.60000000000002,183.04,251.20000000000002,250.88
32.jpg,161.60000000000002,183.04,251.20000000000002,250.88
33.jpg,161.60000000000002,183.04,251.20000000000002,250.88
34.jpg,161.60000000000002,183.04,251.20000000000002,250.88
35.jpg,161.60000000000002,183.04,251.20000000000002,250.88
36.jpg,161.60000000000002,183.04,251.20000000000002,250.88
37.jpg,161.60000000000002,183.04,251.20000000000002,250.88
38.jpg,161.60000000000002,183.04,251.20000000000002,250.88
39.jpg,161.60000000000002,183.04,251.20000000000002,250.88
40.jpg,161.60000000000002,183.04,251.20000000000002,250.88
41.jpg,161.60000000000002,183.04,251.20000000000002,250.88
42.jpg,161.60000000000002,183.04,251.20000000000002,250.88
43.jpg,161.60000000000002,183.04,251.20000000000002,250.88
44.jpg,161.60000000000002,183.04,251.20000000000002,250.88
45.jpg,161.60000000000002,183.04,251.20000000000002,250.88
46.jpg,161.60000000000002,183.04,251.20000000000002,250.88
47.jpg,161.60000000000002,183.04,251.20000000000002,250.88
48.jpg,161.60000000000002,183.04,251.20000000000002,250.88
49.jpg,161.60000000000002,183.04,251.20000000000002,250.88
50.jpg,161.60000000000002,183.04,251.20000000000002,250.88
51.jpg,161.60000000000002,183.04,251.20000000000002,250.88
52.jpg,161.60000000000002,183.04,251.20000000000002,250.88
53.jpg,161.60000000000002,183.04,251.20000000000002,250.88
54.jpg,161.60000000000002,183.04,251.20000000000002,250.88
55.jpg,161.60000000000002,183.04,251.20000000000002,250.88
56.jpg,161.60000000000002,183.04,251.20000000000002,250.88
57.jpg,161.60000000000002,183.04,251.20000000000002,250.88
58.jpg,161.60000000000002,183.04,251.20000000000002,250.88
59.jpg,161.60000000000002,183.04,251.20000000000002,250.88
60.jpg,161.60000000000002,183.04,251.20000000000002,250.88
61.jpg,161.60000000000002,183.04,251.20000000000002,250.88
62.jpg,161.60000000000002,183.04,251.20000000000002,250.88
63.jpg,161.60000000000002,183.04,251.20000000000002,250.88
64.jpg,161.60000000000002,183.04,251.20000000000002,250.88
65.jpg,161.60000000000002,183.04,251.20000000000002,250.88
66.jpg,161.60000000000002,183.04,251.20000000000002,250.88
67.jpg,161.60000000000002,183.04,251.20000000000002,250.88
68.jpg,161.60000000000002,183.04,251.20000000000002,250.88
69.jpg,161.60000000000002,183.04,251.20000000000002,250.88
70.jpg,161.60000000000002,183.04,251.20000000000002,250.88
71.jpg,161.60000000000002,183.04,251.20000000000002,250.88
72.jpg,161.60000000000002,183.04,251.20000000000002,250.88
73.jpg,161.60000000000002,183.04,251.20000000000002,250.88
74.jpg,161.60000000000002,183.04,251.20000000000002,250.88
75.jpg,161.60000000000002,183.04,251.20000000000002,250.88
76.jpg,161.60000000000002,183.04,251.20000000000002,250.88
77.jpg,161.60000000000002,183.04,251.20000000000002,250.88
78.jpg,161.60000000000002,183.04,251.20000000000002,250.88
79.jpg,161.60000000000002,183.04,251.20000000000002,250.88
80.jpg,161.60000000000002,183.04,251.20000000000002,250.88
81.jpg,161.60000000000002,183.04,251.20000000000002,250.88
82.jpg,161.60000000000002,183.04,251.20000000000002,250.88
83.jpg,161.60000000000002,183.04,251.20000000000002,250.88
84.jpg,161.60000000000002,183.04,251.20000000000002,250.88
85.jpg,161.60000000000002,183.04,251.20000000000002,250.88
86.jpg,161.60000000000002,183.04,251.20000000000002,250.88
87.jpg,161.60000000000002,183.04,251.20000000000002,250.88
88.jpg,161.60000000000002,183.04,251.20000000000002,250.88
89.jpg,161.60000000000002,183.04,251.20000000000002,250.88
90.jpg,161.60000000000002,183.04,251.20000000000002,250.88
91.jpg,161.60000000000002,183.04,251.20000000000002,250.88
92.jpg,161.60000000000002,183.04,251.20000000000002,250.88
93.jpg,161.60000000000002,183.04,251.20000000000002,250.88
94.jpg,161.60000000000002,183.04,251.20000000000002,250.88
95.jpg,161.60000000000002,183.04,251.20000000000002,250.88
96.jpg,161.60000000000002,183.04,251.20000000000002,250.88
97.jpg,161.60000000000002,183.04,251.20000000000002,250.88
98.jpg,161.60000000000002,183.04,251.20000000000002,250.88
99.jpg,161.60000000000002,183.04,251.20000000000002,250.88
100.jpg,161.60000000000002,183.04,251.20000000000002,250.88
101.jpg,161.60000000000002,183.04,251.20000000000002,250.88
102.jpg,161.60000000000002,183.04,251.20000000000002,250.88
103.jpg,161.60000000000002,183.04,251.20000000000002,250.88
104.jpg,161.60000000000002,183.04,251.20000000000002,250.88
105.jpg,161.60000000000002,183.04,251.20000000000002,250.88
106.jpg,161.60000000000002,183.04,251.20000000000002,250.88
107.jpg,161.60000000000002,183.04,251.20000000000002,250.88
108.jpg,161.60000000000002,183.04,251.20000000000002,250.88
109.jpg,161.60000000000002,183.04,251.20000000000002,250.88
110.jpg,161.60000000000002,183.04,251.20000000000002,250.88
111.jpg,161.60000000000002,183.04,251.20000000000002,250.88
112.jpg,161.60000000000002,183.04,251.20000000000002,250.88
113.jpg,161.60000000000002,183.04,251.20000000000002,250.88
114.jpg,161.60000000000002,183.04,251.20000000000002,250.88
115.jpg,161.60000000000002,183.04,251.20000000000002,250.88
116.jpg,161.60000000000002,183.04,251.20000000000002,250.88
117.jpg,161.60000000000002,183.04,251.20000000000002,250.88
118.jpg,161.60000000000002,183.04,251.20000000000002,250.88
119.jpg,161.60000000000002,183.04,251.20000000000002,250.88
120.jpg,161.60000000000002,183.04,251.20000000000002,250.88
121.jpg,161.60000000000002,183.04,251.20000000000002,250.88
122.jpg,161.60000000000002,183.04,251.20000000000002,250.88
123.jpg,161.60000000000002,183.04,251.20000000000002,250.88
124.jpg,161.60000000000002,183.04,251.20000000000002,250.88
125.jpg,161.60000000000002,183.04,251.20000000000002,250.88
126.jpg,161.60000000000002,183.04,251.20000000000002,250.88
127.jpg,161.60000000000002,183.04,251.20000000000002,250.88
128.jpg,161.60000000000002,183.04,251.20000000000002,250.88
129.jpg,161.60000000000002,183.04,251.20000000000002,250.88
130.jpg,161.60000000000002,183.04,251.20000000000002,250.88
131.jpg,161.60000000000002,183.04,251.20000000000002,250.88
132.jpg,161.60000000000002,183.04,251.20000000000002,250.88
133.jpg,161.60000000000002,183.04,251.20000000000002,250.88
134.jpg,161.60000000000002,183.04,251.20000000000002,250.88
135.jpg,161.60000000000002,183.04,251.20000000000002,250.88
136.jpg,161.60000000000002,183.04,251.20000000000002,250.88
137.jpg,161.60000000000002,183.04,251.20000000000002,250.88
138.jpg,161.60000000000002,183.04,251.20000000000002,250.88
139.jpg,161.60000000000002,183.04,251.20000000000002,250.88
140.jpg,161.60000000000002,183.04,251.20000000000002,250.88
141.jpg,161.60000000000002,183.04,251.20000000000002,250.88
142.jpg,161.60000000000002,183.04,251.20000000000002,250.88
143.jpg,161.60000000000002,183.04,251.20000000000002,250.88
144.jpg,161.60000000000002,183.04,251.20000000000002,250.88
145.jpg,161.60000000000002,183.04,251.20000000000002,250.88
146.jpg,161.60000000000002,183.04,251.20000000000002,250.88
147.jpg,161.60000000000002,183.04,251.20000000000002,250.88
148.jpg,161.60000000000002,183.04,251.20000000000002,250.88
149.jpg,161.60000000000002,183.04,251.20000000000002,250.88
150.jpg,161.60000000000002,183.04,251.20000000000002,250.88
151.jpg,161.60000000000002,183.04,251.20000000000002,250.88
152.jpg,161.60000000000002,183.04,251.20000000000002,250.88
153.jpg,161.60000000000002,183.04,251.20000000000002,250.88
154.jpg,161.60000000000002,183.04,251.20000000000002,250.88
155.jpg,161.60000000000002,183.04,251.20000000000002,250.88
156.jpg,161.60000000000002,183.04,251.20000000000002,250.88
157.jpg,161.60000000000002,183.04,251.20000000000002,250.88
158.jpg,161.60000000000002,183.04,251.20000000000002,250.88
159.jpg,161.60000000000002,183.04,251.20000000000002,250.88
160.jpg,161.60000000000002,183.04,251.20000000000002,250.88
161.jpg,161.60000000000002,183.04,251.20000000000002,250.88
162.jpg,161.60000000000002,183.04,251.20000000000002,250.88
163.jpg,161.60000000000002,183.04,251.20000000000002,250.88
164.jpg,161.60000000000002,183.04,251.20000000000002,250.88
165.jpg,161.60000000000002,183.04,251.20000000000002,250.88
166.jpg,161.60000000000002,183.04,251.20000000000002,250.88
167.jpg,161.60000000000002,183.04,251.20000000000002,250.88
168.jpg,161.60000000000002,183.04,251.20000000000002,250.88
169.jpg,161.60000000000002,183.04,251.20000000000002,250.88
170.jpg,161.60000000000002,183.04,251.20000000000002,250.88
171.jpg,161.60000000000002,183.04,251.20000000000002,250.88
172.jpg,161.60000000000002,183.04,251.20000000000002,250.88
173.jpg,161.60000000000002,183.04,251.20000000000002,250.88
174.jpg,161.60000000000002,183.04,251.20000000000002,250.88
175.jpg,161.60000000000002,183.04,251.20000000000002,250.88
176.jpg,161.60000000000002,183.04,251.20000000000002,250.88
177.jpg,161.60000000000002,183.04,251.20000000000002,250.88
178.jpg,161.60000000000002,183.04,251.20000000000002,250.88
179.jpg,161.60000000000002,183.04,251.20000000000002,250.88
180.jpg,161.60000000000002,183.04,251.20000000000002,250.88
181.jpg,161.60000000000002,183.04,251.20000000000002,250.88
182.jpg,161.60000000000002,183.04,251.20000000000002,250.88
183.jpg,161.60000000000002,183.04,251.20000000000002,250.88
184.jpg,161.60000000000002,183.04,251.20000000000002,250.88
185.jpg,161.60000000000002,183.04,251.20000000000002,250.88
186.jpg,161.60000000000002,183.04,251.20000000000002,250.88
187.jpg,161.60000000000002,183.04,251.20000000000002,250.88
188.jpg,161.60000000000002,183.04,251.20000000000002,250.88
189.jpg,161.60000000000002,183.04,251.20000000000002,250.88
190.jpg,161.60000000000002,183.04,251.20000000000002,250.88
191.jpg,161.60000000000002,183.04,251.20000000000002,250.88
192.jpg,161.60000000000002,183.04,251.20000000000002,250.88
193.jpg,161.60000000000002,183.04,251.20000000000002,250.88
194.jpg,161.60000000000002,183.04,251.20000000000002,250.88
195.jpg,161.60000000000002,183.04,251.20000000000002,250.88
196.jpg,161.60000000000002,183.04,251.20000000000002,250.88
197.jpg,161.60000000000002,183.04,251.20000000000002,250.88
198.jpg,161.60000000000002,183.04,251.20000000000002,250.88
199.jpg,161.60000000000002,183.04,251.20000000000002,250.88
200.jpg,161.60000000000002,183.04,251.20000000000002,250.88
201.jpg,161.60000000000002,183.04,251.20000000000002,250.88
202.jpg,161.60000000000002,183.04,251.20000000000002,250.88
203.jpg,161.60000000000002,183.04,251.20000000000002,250.88
204.jpg,161.60000000000002,183.04,251.20000000000002,250.88
205.jpg,161.60000000000002,183.04,251.20000000000002,250.88
206.jpg,161.60000000000002,183.04,251.20000000000002,250.88
207.jpg,161.60000000000002,183.04,251.20000000000002,250.88
208.jpg,161.60000000000002,183.04,251.20000000000002,250.88
209.jpg,161.60000000000002,183.04,251.20000000000002,250.88
210.jpg,161.60000000000002,183.04,251.20000000000002,250.88
211.jpg,161.60000000000002,183.04,251.20000000000002,250.88
212.jpg,161.60000000000002,183.04,251.20000000000002,250.88
213.jpg,161.60000000000002,183.04,251.20000000000002,250.88
214.jpg,161.60000000000002,183.04,251.20000000000002,250.88
215.jpg,161.60000000000002,183.04,251.20000000000002,250.88
216.jpg,161.60000000000002,183.04,251.20000000000002,250.88
217.jpg,161.60000000000002,183.04,251.20000000000002,250.88
218.jpg,161.60000000000002,183.04,251.20000000000002,250.88
219.jpg,161.60000000000002,183.04,251.20000000000002,250.88
220.jpg,161.60000000000002,183.04,251.20000000000002,250.88
221.jpg,161.60000000000002,183.04,251.20000000000002,250.88
222.jpg,161.60000000000002,183.04,251.20000000000002,250.88
223.jpg,161.60000000000002,183.04,251.20000000000002,250.88
224.jpg,161.60000000000002,183.04,251.20000000000002,250.88
225.jpg,161.60000000000002,183.04,251.20000000000002,250.88
226.jpg,161.60000000000002,183.04,251.20000000000002,250.88
227.jpg,161.60000000000002,183.04,251.20000000000002,250.88
228.jpg,161.60000000000002,183.04,251.20000000000002,250.88
229.jpg,161.60000000000002,183.04,251.20000000000002,250.88
230.jpg,161.60000000000002,183.04,251.20000000000002,250.88
231.jpg,161.60000000000002,183.04,251.20000000000002,250.88
232.jpg,161.60000000000002,183.04,251.20000000000002,250.88
233.jpg,161.60000000000002,183.04,251.20000000000002,250.88
234.jpg,161.60000000000002,183.04,251.20000000000002,250.88
235.jpg,161.60000000000002,183.04,251.20000000000002,250.88
236.jpg,161.60000000000002,183.04,251.20000000000002,250.88
237.jpg,161.60000000000002,183.04,251.20000000000002,250.88
238.jpg,161.60000000000002,183.04,251.20000000000002,250.88
239.jpg,161.60000000000002,183.04,251.20000000000002,250.88
240.jpg,161.60000000000002,183.04,251.20000000000002,250.88
241.jpg,161.60000000000002,183.04,251.20000000000002,250.88
242.jpg,161.60000000000002,183.04,251.20000000000002,250.88
243.jpg,161.60000000000002,183.04,251.20000000000002,250.88
244.jpg,161.60000000000002,183.04,251.20000000000002,250.88
245.jpg,161.60000000000002,183.04,251.20000000000002,250.88
246.jpg,161.60000000000002,183.04,251.20000000000002,250.88
247.jpg,161.60000000000002,183.04,251.20000000000002,250.88
248.jpg,161.60000000000002,183.04,251.20000000000002,250.88
249.jpg,161.60000000000002,183.04,251.20000000000002,250.88
250.jpg,161.60000000000002,183.04,251.20000000000002,250.88
251.jpg,161.60000000000002,183.04,251.20000000000002,250.88
252.jpg,161.60000000000002,183.04,251.20000000000002,250.88
253.jpg,161.60000000000002,183.04,251.20000000000002,250.88
254.jpg,161.60000000000002,183.04,251.20000000000002,250.88
255.jpg,161.60000000000002,183.04,251.20000000000002,250.88
256.jpg,161.60000000000002,183.04,251.20000000000002,250.88
257.jpg,161.60000000000002,183.04,251.20000000000002,250.88
258.jpg,161.60000000000002,183.04,251.20000000000002,250.88
259.jpg,161.60000000000002,183.04,251.20000000000002,250.88
260.jpg,161.60000000000002,183.04,251.20000000000002,250.88
261.jpg,161.60000000000002,183.04,251.20000000000002,250.88
262.jpg,161.60000000000002,183.04,251.20000000000002,250.88
263.jpg,161.60000000000002,183.04,251.20000000000002,250.88
264.jpg,161.60000000000002,183.04,251.20000000000002,250.88
265.jpg,161.60000000000002,183.04,251.20000000000002,250.88
266.jpg,161.60000000000002,183.04,251.20000000000002,250.88
267.jpg,161.60000000000002,183.04,251.20000000000002,250.88
268.jpg,161.60000000000002,183.04,251.20000000000002,250.88
269.jpg,161.60000000000002,183.04,251.20000000000002,250.88
270.jpg,161.60000000000002,183.04,251.20000000000002,250.88
271.jpg,161.60000000000002,183.04,251.20000000000002,250.88
272.jpg,161.60000000000002,183.04,251.20000000000002,250.88
273.jpg,161.60000000000002,183.04,251.20000000000002,250.88
274.jpg,161.60000000000002,183.04,251.20000000000002,250.88
275.jpg,161.60000000000002,183.04,251.20000000000002,250.88
276.jpg,161.60000000000002,183.04,251.20000000000002,250.88
277.jpg,161.60000000000002,183.04,251.20000000000002,250.88
278.jpg,161.60000000000002,183.04,251.20000000000002,250.88
279.jpg,161.60000000000002,183.04,251.20000000000002,250.88
280.jpg,161.60000000000002,183.04,251.20000000000002,250.88
281.jpg,161.60000000000002,183.04,251.20000000000002,250.88
282.jpg,161.60000000000002,183.04,251.20000000000002,250.88
283.jpg,161.60000000000002,183.04,251.20000000000002,250.88
284.jpg,161.60000000000002,183.04,251.20000000000002,250.88
285.jpg,161.60000000000002,183.04,251.20000000000002,250.88
286.jpg,161.60000000000002,183.04,251.20000000000002,250.88
287.jpg,161.60000000000002,183.04,251.20000000000002,250.88
288.jpg,161.60000000000002,183.04,251.20000000000002,250.88
289.jpg,161.60000000000002,183.04,251.20000000000002,250.88
290.jpg,161.60000000000002,183.04,251.20000000000002,250.88
291.jpg,161.60000000000002,183.04,251.20000000000002,250.88
292.jpg,161.60000000000002,183.04,251.20000000000002,250.88
293.jpg,161.60000000000002,183.04,251.20000000000002,250.88
294.jpg,161.60000000000002,183.04,251.20000000000002,250.88
295.jpg,161.60000000000002,183.04,251.20000000000002,250.88
296.jpg,161.60000000000002,183.04,251.20000000000002,250.88
297.jpg,161.60000000000002,183.04,251.20000000000002,250.88
298.jpg,161.60000000000002,183.04,251.20000000000002,250.88
299.jpg,161.60000000000002,183.04,251.20000000000002,250.88
300.jpg,161.60000000000002,183.04,251.20000000000002,250.88
301.jpg,161.60000000000002,183.04,251.20000000000002,250.88
302.jpg,161.60000000000002,183.04,251.20000000000002,250.88
303.jpg,161.60000000000002,183.04,251.20000000000002,250.88
304.jpg,161.60000000000002,183.04,251.20000000000002,250.88
305.jpg,161.60000000000002,183.04,251.20000000000002,250.88
306.jpg,161.60000000000002,183.04,251.20000000000002,250.88
307.jpg,161.60000000000002,183.04,251.20000000000002,250.88
308.jpg,161.60000000000002,183.04,251.20000000000002,250.88
309.jpg,161.60000000000002,183.04,251.20000000000002,250.88
310.jpg,161.60000000000002,183.04,251.20000000000002,250.88
311.jpg,161.60000000000002,183.04,251.20000000000002,250.88
312.jpg,161.60000000000002,183.04,251.20000000000002,250.88
313.jpg,161.60000000000002,183.04,251.20000000000002,250.88
314.jpg,161.60000000000002,183.04,251.20000000000002,250.88
315.jpg,161.60000000000002,183.04,251.20000000000002,250.88
316.jpg,161.60000000000002,183.04,251.20000000000002,250.88
317.jpg,161.60000000000002,183.04,251.20000000000002,250.88
318.jpg,161.60000000000002,183.04,251.20000000000002,250.88
319.jpg,161.60000000000002,183.04,251.20000000000002,250.88
320.jpg,161.60000000000002,183.04,251.20000000000002,250.88
321.jpg,161.60000000000002,183.04,251.20000000000002,250.88
322.jpg,161.60000000000002,183.04,251.20000000000002,250.88
323.jpg,161.60000000000002,183.04,251.20000000000002,250.88
324.jpg,161.60000000000002,183.04,251.20000000000002,250.88
325.jpg,161.60000000000002,183.04,251.20000000000002,250.88
326.jpg,161.60000000000002,183.04,251.20000000000002,250.88
327.jpg,161.60000000000002,183.04,251.20000000000002,250.88
328.jpg,161.60000000000002,183.04,251.20000000000002,250.88
329.jpg,161.60000000000002,183.04,251.20000000000002,250.88
330.jpg,161.60000000000002,183.04,251.20000000000002,250.88
331.jpg,161.60000000000002,183.04,251.20000000000002,250.88
332.jpg,161.60000000000002,183.04,251.20000000000002,250.88
333.jpg,161.60000000000002,183.04,251.20000000000002,250.88
334.jpg,161.60000000000002,183.04,251.20000000000002,250.88
335.jpg,161.60000000000002,183.04,251.20000000000002,250.88
336.jpg,161.60000000000002,183.04,251.20000000000002,250.88
337.jpg,161.60000000000002,183.04,251.20000000000002,250.88
338.jpg,161.60000000000002,183.04,251.20000000000002,250.88
339.jpg,161.60000000000002,183.04,251.20000000000002,250.88
340.jpg,161.60000000000002,183.04,251.20000000000002,250.88
341.jpg,161.60000000000002,183.04,251.20000000000002,250.88
342.jpg,161.60000000000002,183.04,251.20000000000002,250.88
343.jpg,161.60000000000002,183.04,251.20000000000002,250.88
344.jpg,161.60000000000002,183.04,251.20000000000002,250.88
345.jpg,161.60000000000002,183.04,251.20000000000002,250.88
346.jpg,161.60000000000002,183.04,251.20000000000002,250.88
347.jpg,161.60000000000002,183.04,251.20000000000002,250.88
348.jpg,161.60000000000002,183.04,251.20000000000002,250.88
349.jpg,161.60000000000002,183.04,251.20000000000002,250.88
350.jpg,161.60000000000002,183.04,251.20000000000002,250.88
351.jpg,161.60000000000002,183.04,251.20000000000002,250.88
352.jpg,161.60000000000002,183.04,251.20000000000002,250.88
353.jpg,161.60000000000002,183.04,251.20000000000002,250.88
354.jpg,161.60000000000002,183.04,251.20000000000002,250.88
355.jpg,161.60000000000002,183.04,251.20000000000002,250.88
356.jpg,161.60000000000002,183.04,251.20000000000002,250.88
357.jpg,161.60000000000002,183.04,251.20000000000002,250.88
358.jpg,161.60000000000002,183.04,251.20000000000002,250.88
359.jpg,161.60000000000002,183.04,251.20000000000002,250.88
360.jpg,161.60000000000002,183.04,251.20000000000002,250.88
361.jpg,161.60000000000002,183.04,251.20000000000002,250.88
362.jpg,161.60000000000002,183.04,251.20000000000002,250.88
363.jpg,161.60000000000002,183.04,251.20000000000002,250.88
364.jpg,161.60000000000002,183.04,251.20000000000002,250.88
365.jpg,161.60000000000002,183.04,251.20000000000002,250.88
366.jpg,161.60000000000002,183.04,251.20000000000002,250.88
367.jpg,161.60000000000002,183.04,251.20000000000002,250.88
368.jpg,161.60000000000002,183.04,251.20000000000002,250.88
369.jpg,161.60000000000002,183.04,251.20000000000002,250.88
370.jpg,161.60000000000002,183.04,251.20000000000002,250.88
371.jpg,161.60000000000002,183.04,251.20000000000002,250.88
372.jpg,161.60000000000002,183.04,251.20000000000002,250.88
373.jpg,161.60000000000002,183.04,251.20000000000002,250.88
374.jpg,161.60000000000002,183.04,251.20000000000002,250.88
375.jpg,161.60000000000002,183.04,251.20000000000002,250.88
376.jpg,161.60000000000002,183.04,251.20000000000002,250.88
