0.jpg,227.20000000000002,40.96,345.6,142.08
1.jpg,227.20000000000002,40.96,345.6,142.08
2.jpg,227.20000000000002,40.96,345.6,142.08
3.jpg,227.20000000000002,40.96,345.6,142.08
4.jpg,227.20000000000002,40.96,345.6,142.08
5.jpg,227.20000000000002,40.96,345.6,142.08
6.jpg,227.20000000000002,40.96,345.6,142.08
7.jpg,227.20000000000002,40.96,345.6,142.08
8.jpg,227.20000000000002,40.96,345.6,142.08
9.jpg,227.20000000000002,40.96,345.6,142.08
10.jpg,227.20000000000002,40.96,345.6,142.08
11.jpg,227.20000000000002,40.96,345.6,142.08
12.jpg,227.20000000000002,40.96,345.6,142.08
13.jpg,227.20000000000002,40.96,345.6,142.08
14.jpg,227.20000000000002,40.96,345.6,142.08
15.jpg,227.20000000000002,40.96,345.6,142.08
16.jpg,227.20000000000002,40.96,345.6,142.08
17.jpg,227.20000000000002,40.96,345.6,142.08
18.jpg,227.20000000000002,40.96,345.6,142.08
19.jpg,227.20000000000002,40.96,345.6,142.08
20.jpg,227.20000000000002,40.96,345.6,142.08
21.jpg,227.20000000000002,40.96,345.6,142.08
22.jpg,227.20000000000002,40.96,345.6,142.08
23.jpg,227.20000000000002,40.96,345.6,142.08
24.jpg,227.20000000000002,40.96,345.6,142.08
25.jpg,227.20000000000002,40.96,345.6,142.08
26.jpg,227.20000000000002,40.96,345.6,142.08
27.jpg,227.20000000000002,40.96,345.6,142.08
28.jpg,227.20000000000002,40.96,345.6,142.08
29.jpg,227.20000000000002,40.96,345.6,142.08
30.jpg,227.20000000000002,40.96,345.6,142.08
31.jpg,227.20000000000002,40.96,345.6,142.08
32.jpg,227.20000000000002,40.96,345.6,142.08
33.jpg,227.20000000000002,40.96,345.6,142.08
34.jpg,227.20000000000002,40.96,345.6,142.08
35.jpg,227.20000000000002,40.96,345.6,142.08
36.jpg,227.20000000000002,40.96,345.6,142.08
37.jpg,227.20000000000002,40.96,345.6,142.08
38.jpg,227.20000000000002,40.96,345.6,142.08
39.jpg,227.20000000000002,40.96,345.6,142.08
40.jpg,227.20000000000002,40.96,345.6,142.08
41.jpg,227.20000000000002,40.96,345.6,142.08
42.jpg,227.20000000000002,40.96,345.6,142.08
43.jpg,227.20000000000002,40.96,345.6,142.08
44.jpg,227.20000000000002,40.96,345.6,142.08
45.jpg,227.20000000000002,40.96,345.6,142.08
46.jpg,227.20000000000002,40.96,345.6,142.08
47.jpg,227.20000000000002,40.96,345.6,142.08
48.jpg,227.20000000000002,40.96,345.6,142.08
49.jpg,227.20000000000002,40.96,345.6,142.08
50.jpg,227.20000000000002,40.96,345.6,142.08
51.jpg,227.20000000000002,40.96,345.6,142.08
52.jpg,227.20000000000002,40.96,345.6,142.08
53.jpg,227.20000000000002,40.96,345.6,142.08
54.jpg,227.20000000000002,40.96,345.6,142.08
55.jpg,227.20000000000002,40.96,345.6,142.08
56.jpg,227.20000000000002,40.96,345.6,142.08
57.jpg,227.20000000000002,40.96,345.6,142.08
58.jpg,227.20000000000002,40.96,345.6,142.08
59.jpg,227.20000000000002,40.96,345.6,142.08
60.jpg,227.20000000000002,40.96,345.6,142.08
61.jpg,227.20000000000002,40.96,345.6,142.08
62.jpg,227.20000000000002,40.96,345.6,142.08
63.jpg,227.20000000000002,40.96,345.6,142.08
64.jpg,227.20000000000002,40.96,345.6,142.08
65.jpg,227.20000000000002,40.96,345.6,142.08
66.jpg,227.20000000000002,40.96,345.6,142.08
67.jpg,227.20000000000002,40.96,345.6,142.08
68.jpg,227.20000000000002,40.96,345.6,142.08
69.jpg,227.20000000000002,40.96,345.6,142.08
70.jpg,227.20000000000002,40.96,345.6,142.08
71.jpg,227.20000000000002,40.96,345.6,142.08
72.jpg,227.20000000000002,40.96,345.6,142.08
73.jpg,227.20000000000002,40.96,345.6,142.08
74.jpg,227.20000000000002,40.96,345.6,142.08
75.jpg,227.20000000000002,40.96,345.6,142.08
76.jpg,227.20000000000002,40.96,345.6,142.08
77.jpg,227.20000000000002,40.96,345.6,142.08
78.jpg,227.20000000000002,40.96,345.6,142.08
79.jpg,227.20000000000002,40.96,345.6,142.08
80.jpg,227.20000000000002,40.96,345.6,142.08
81.jpg,227.20000000000002,40.96,345.6,142.08
82.jpg,227.20000000000002,40.96,345.6,142.08
83.jpg,227.20000000000002,40.96,345.6,142.08
84.jpg,227.20000000000002,40.96,345.6,142.08
85.jpg,227.20000000000002,40.96,345.6,142.08
86.jpg,227.20000000000002,40.96,345.6,142.08
87.jpg,227.20000000000002,40.96,345.6,142.08
88.jpg,227.20000000000002,40.96,345.6,142.08
89.jpg,227.20000000000002,40.96,345.6,142.08
90.jpg,227.20000000000002,40.96,345.6,142.08
91.jpg,227.20000000000002,40.96,345.6,142.08
92.jpg,227.20000000000002,40.96,345.6,142.08
93.jpg,227.20000000000002,40.96,345.6,142.08
94.jpg,227.20000000000002,40.96,345.6,142.08
95.jpg,227.20000000000002,40.96,345.6,142.08
96.jpg,227.20000000000002,40.96,345.6,142.08
97.jpg,227.20000000000002,40.96,345.6,142.08
98.jpg,227.20000000000002,40.96,345.6,142.08
99.jpg,227.20000000000002,40.96,345.6,142.08
100.jpg,227.20000000000002,40.96,345.6,142.08
101.jpg,227.20000000000002,40.96,345.6,142.08
102.jpg,227.20000000000002,40.96,345.6,142.08
103.jpg,227.20000000000002,40.96,345.6,142.08
104.jpg,227.20000000000002,40.96,345.6,142.08
105.jpg,227.20000000000002,40.96,345.6,142.08
106.jpg,227.20000000000002,40.96,345.6,142.08
107.jpg,227.20000000000002,40.96,345.6,142.08
108.jpg,227.20000000000002,40.96,345.6,142.08
109.jpg,227.20000000000002,40.96,345.6,142.08
110.jpg,227.20000000000002,40.96,345.6,142.08
111.jpg,227.20000000000002,40.96,345.6,142.08
112.jpg,227.20000000000002,40.96,345.6,142.08
113.jpg,227.20000000000002,40.96,345.6,142.08
114.jpg,227.20000000000002,40.96,345.6,142.08
115.jpg,227.20000000000002,40.96,345.6,142.08
116.jpg,227.20000000000002,40.96,345.6,142.08
117.jpg,227.20000000000002,40.96,345.6,142.08
118.jpg,227.20000000000002,40.96,345.6,142.08
119.jpg,227.20000000000002,40.96,345.6,142.08
120.jpg,227.20000000000002,40.96,345.6,142.08
121.jpg,227.20000000000002,40.96,345.6,142.08
122.jpg,227.20000000000002,40.96,345.6,142.08
123.jpg,227.20000000000002,40.96,345.6,142.08
124.jpg,227.20000000000002,40.96,345.6,142.08
125.jpg,227.20000000000002,40.96,345.6,142.08
126.jpg,227.20000000000002,40.96,345.6,142.08
127.jpg,227.20000000000002,40.96,345.6,142.08
128.jpg,227.20000000000002,40.96,345.6,142.08
129.jpg,227.20000000000002,40.96,345.6,142.08
130.jpg,227.20000000000002,40.96,345.6,142.08
131.jpg,227.20000000000002,40.96,345.6,142.08
132.jpg,227.20000000000002,40.96,345.6,142.08
133.jpg,227.20000000000002,40.96,345.6,142.08
134.jpg,227.20000000000002,40.96,345.6,142.08
135.jpg,227.20000000000002,40.96,345.6,142.08
136.jpg,227.20000000000002,40.96,345.6,142.08
137.jpg,227.20000000000002,40.96,345.6,142.08
138.jpg,227.20000000000002,40.96,345.6,142.08
139.jpg,227.20000000000002,40.96,345.6,142.08
140.jpg,227.20000000000002,40.96,345.6,142.08
141.jpg,227.20000000000002,40.96,345.6,142.08
142.jpg,227.20000000000002,40.96,345.6,142.08
143.jpg,227.20000000000002,40.96,345.6,142.08
144.jpg,227.20000000000002,40.96,345.6,142.08
145.jpg,227.20000000000002,40.96,345.6,142.08
146.jpg,227.20000000000002,40.96,345.6,142.08
147.jpg,227.20000000000002,40.96,345.6,142.08
148.jpg,227.20000000000002,40.96,345.6,142.08
149.jpg,227.20000000000002,40.96,345.6,142.08
150.jpg,227.20000000000002,40.96,345.6,142.08
151.jpg,227.20000000000002,40.96,345.6,142.08
152.jpg,227.20000000000002,40.96,345.6,142.08
153.jpg,227.20000000000002,40.96,345.6,142.08
154.jpg,227.20000000000002,40.96,345.6,142.08
155.jpg,227.20000000000002,40.96,345.6,142.08
156.jpg,227.20000000000002,40.96,345.6,142.08
157.jpg,227.20000000000002,40.96,345.6,142.08
158.jpg,227.20000000000002,40.96,345.6,142.08
159.jpg,227.20000000000002,40.96,345.6,142.08
160.jpg,227.20000000000002,40.96,345.6,142.08
161.jpg,227.20000000000002,40.96,345.6,142.08
162.jpg,227.20000000000002,40.96,345.6,142.08
163.jpg,227.20000000000002,40.96,345.6,142.08
164.jpg,227.20000000000002,40.96,345.6,142.08
165.jpg,227.20000000000002,40.96,345.6,142.08
166.jpg,227.20000000000002,40.96,345.6,142.08
167.jpg,227.20000000000002,40.96,345.6,142.08
168.jpg,227.20000000000002,40.96,345.6,142.08
169.jpg,227.20000000000002,40.96,345.6,142.08
170.jpg,227.20000000000002,40.96,345.6,142.08
171.jpg,227.20000000000002,40.96,345.6,142.08
172.jpg,227.20000000000002,40.96,345.6,142.08
173.jpg,227.20000000000002,40.96,345.6,142.08
174.jpg,227.20000000000002,40.96,345.6,142.08
175.jpg,227.20000000000002,40.96,345.6,142.08
176.jpg,227.20000000000002,40.96,345.6,142.08
177.jpg,227.20000000000002,40.96,345.6,142.08
178.jpg,227.20000000000002,40.96,345.6,142.08
179.jpg,227.20000000000002,40.96,345.6,142.08
180.jpg,227.20000000000002,40.96,345.6,142.08
181.jpg,227.20000000000002,40.96,345.6,142.08
182.jpg,227.20000000000002,40.96,345.6,142.08
183.jpg,227.20000000000002,40.96,345.6,142.08
184.jpg,227.20000000000002,40.96,345.6,142.08
185.jpg,227.20000000000002,40.96,345.6,142.08
186.jpg,227.20000000000002,40.96,345.6,142.08
187.jpg,227.20000000000002,40.96,345.6,142.08
188.jpg,227.20000000000002,40.96,345.6,142.08
189.jpg,227.20000000000002,40.96,345.6,142.08
190.jpg,227.20000000000002,40.96,345.6,142.08
191.jpg,227.20000000000002,40.96,345.6,142.08
192.jpg,227.20000000000002,40.96,345.6,142.08
193.jpg,227.20000000000002,40.96,345.6,142.08
194.jpg,227.20000000000002,40.96,345.6,142.08
195.jpg,227.20000000000002,40.96,345.6,142.08
196.jpg,227.20000000000002,40.96,345.6,142.08
197.jpg,227.20000000000002,40.96,345.6,142.08
198.jpg,227.20000000000002,40.96,345.6,142.08
199.jpg,227.20000000000002,40.96,345.6,142.08
200.jpg,227.20000000000002,40.96,345.6,142.08
201.jpg,227.20000000000002,40.96,345.6,142.08
202.jpg,227.20000000000002,40.96,345.6,142.08
203.jpg,227.20000000000002,40.96,345.6,142.08
204.jpg,227.20000000000002,40.96,345.6,142.08
205.jpg,227.20000000000002,40.96,345.6,142.08
206.jpg,227.20000000000002,40.96,345.6,142.08
207.jpg,227.20000000000002,40.96,345.6,142.08
208.jpg,227.20000000000002,40.96,345.6,142.08
209.jpg,227.20000000000002,40.96,345.6,142.08
210.jpg,227.20000000000002,40.96,345.6,142.08
211.jpg,227.20000000000002,40.96,345.6,142.08
212.jpg,227.20000000000002,40.96,345.6,142.08
213.jpg,227.20000000000002,40.96,345.6,142.08
214.jpg,227.20000000000002,40.96,345.6,142.08
215.jpg,227.20000000000002,40.96,345.6,142.08
216.jpg,227.20000000000002,40.96,345.6,142.08
217.jpg,227.20000000000002,40.96,345.6,142.08
218.jpg,227.20000000000002,40.96,345.6,142.08
219.jpg,227.20000000000002,40.96,345.6,142.08
220.jpg,227.20000000000002,40.96,345.6,142.08
221.jpg,227.20000000000002,40.96,345.6,142.08
222.jpg,227.20000000000002,40.96,345.6,142.08
223.jpg,227.20000000000002,40.96,345.6,142.08
224.jpg,227.20000000000002,40.96,345.6,142.08
225.jpg,227.20000000000002,40.96,345.6,142.08
226.jpg,227.20000000000002,40.96,345.6,142.08
227.jpg,227.20000000000002,40.96,345.6,142.08
228.jpg,227.20000000000002,40.96,345.6,142.08
229.jpg,227.20000000000002,40.96,345.6,142.08
230.jpg,227.20000000000002,40.96,345.6,142.08
231.jpg,227.20000000000002,40.96,345.6,142.08
232.jpg,227.20000000000002,40.96,345.6,142.08
233.jpg,227.20000000000002,40.96,345.6,142.08
234.jpg,227.20000000000002,40.96,345.6,142.08
235.jpg,227.20000000000002,40.96,345.6,142.08
236.jpg,227.20000000000002,40.96,345.6,142.08
237.jpg,227.20000000000002,40.96,345.6,142.08
238.jpg,227.20000000000002,40.96,345.6,142.08
239.jpg,227.20000000000002,40.96,345.6,142.08
240.jpg,227.20000000000002,40.96,345.6,142.08
241.jpg,227.20000000000002,40.96,345.6,142.08
242.jpg,227.20000000000002,40.96,345.6,142.08
243.jpg,227.20000000000002,40.96,345.6,142.08
244.jpg,227.20000000000002,40.96,345.6,142.08
245.jpg,227.20000000000002,40.96,345.6,142.08
246.jpg,227.20000000000002,40.96,345.6,142.08
247.jpg,227.20000000000002,40.96,345.6,142.08
248.jpg,227.20000000000002,40.96,345.6,142.08
249.jpg,227.20000000000002,40.96,345.6,142.08
250.jpg,227.20000000000002,40.96,345.6,142.08
251.jpg,227.20000000000002,40.96,345.6,142.08
252.jpg,227.20000000000002,40.96,345.6,142.08
253.jpg,227.20000000000002,40.96,345.6,142.08
254.jpg,227.20000000000002,40.96,345.6,142.08
255.jpg,227.20000000000002,40.96,345.6,142.08
256.jpg,227.20000000000002,40.96,345.6,142.08
257.jpg,227.20000000000002,40.96,345.6,142.08
258.jpg,227.20000000000002,40.96,345.6,142.08
259.jpg,227.20000000000002,40.96,345.6,142.08
260.jpg,227.20000000000002,40.96,345.6,142.08
261.jpg,227.20000000000002,40.96,345.6,142.08
262.jpg,227.20000000000002,40.96,345.6,142.08
263.jpg,227.20000000000002,40.96,345.6,142.08
264.jpg,227.20000000000002,40.96,345.6,142.08
265.jpg,227.20000000000002,40.96,345.6,142.08
266.jpg,227.20000000000002,40.96,345.6,142.08
267.jpg,227.20000000000002,40.96,345.6,142.08
268.jpg,227.20000000000002,40.96,345.6,142.08
269.jpg,227.20000000000002,40.96,345.6,142.08
270.jpg,227.20000000000002,40.96,345.6,142.08
271.jpg,227.20000000000002,40.96,345.6,142.08
272.jpg,227.20000000000002,40.96,345.6,142.08
273.jpg,227.20000000000002,40.96,345.6,142.08
274.jpg,227.20000000000002,40.96,345.6,142.08
275.jpg,227.20000000000002,40.96,345.6,142.08
276.jpg,227.20000000000002,40.96,345.6,142.08
277.jpg,227.20000000000002,40.96,345.6,142.08
278.jpg,227.20000000000002,40.96,345.6,142.08
279.jpg,227.20000000000002,40.96,345.6,142.08
280.jpg,227.20000000000002,40.96,345.6,142.08
281.jpg,227.20000000000002,40.96,345.6,142.08
282.jpg,227.20000000000002,40.96,345.6,142.08
283.jpg,227.20000000000002,40.96,345.6,142.08
284.jpg,227.20000000000002,40.96,345.6,142.08
285.jpg,227.20000000000002,40.96,345.6,142.08
286.jpg,227.20000000000002,40.96,345.6,142.08
287.jpg,227.20000000000002,40.96,345.6,142.08
288.jpg,227.20000000000002,40.96,345.6,142.08
289.jpg,227.20000000000002,40.96,345.6,142.08
290.jpg,227.20000000000002,40.96,345.6,142.08
291.jpg,227.20000000000002,40.96,345.6,142.08
292.jpg,227.20000000000002,40.96,345.6,142.08
293.jpg,227.20000000000002,40.96,345.6,142.08
294.jpg,227.20000000000002,40.96,345.6,142.08
295.jpg,227.20000000000002,40.96,345.6,142.08
296.jpg,227.20000000000002,40.96,345.6,142.08
297.jpg,227.20000000000002,40.96,345.6,142.08
298.jpg,227.20000000000002,40.96,345.6,142.08
299.jpg,227.20000000000002,40.96,345.6,142.08
300.jpg,227.20000000000002,40.96,345.6,142.08
301.jpg,227.20000000000002,40.96,345.6,142.08
302.jpg,227.20000000000002,40.96,345.6,142.08
303.jpg,227.20000000000002,40.96,345.6,142.08
304.jpg,227.20000000000002,40.96,345.6,142.08
305.jpg,227.20000000000002,40.96,345.6,142.08
306.jpg,227.20000000000002,40.96,345.6,142.08
307.jpg,227.20000000000002,40.96,345.6,142.08
308.jpg,227.20000000000002,40.96,345.6,142.08
309.jpg,227.20000000000002,40.96,345.6,142.08
310.jpg,227.20000000000002,40.96,345.6,142.08
311.jpg,227.20000000000002,40.96,345.6,142.08
312.jpg,227.20000000000002,40.96,345.6,142.08
313.jpg,227.20000000000002,40.96,345.6,142.08
314.jpg,227.20000000000002,40.96,345.6,142.08
315.jpg,227.20000000000002,40.96,345.6,142.08
316.jpg,227.20000000000002,40.96,345.6,142.08
317.jpg,227.20000000000002,40.96,345.6,142.08
318.jpg,227.20000000000002,40.96,345.6,142.08
319.jpg,227.20000000000002,40.96,345.6,142.08
320.jpg,227.20000000000002,40.96,345.6,142.08
321.jpg,227.20000000000002,40.96,345.6,142.08
322.jpg,227.20000000000002,40.96,345.6,142.08
323.jpg,227.20000000000002,40.96,345.6,142.08
324.jpg,227.20000000000002,40.96,345.6,142.08
325.jpg,227.20000000000002,40.96,345.6,142.08
326.jpg,227.20000000000002,40.96,345.6,142.08
327.jpg,227.20000000000002,40.96,345.6,142.08
328.jpg,227.20000000000002,40.96,345.6,142.08
329.jpg,227.20000000000002,40.96,345.6,142.08
330.jpg,227.20000000000002,40.96,345.6,142.08
331.jpg,227.20000000000002,40.96,345.6,142.08
332.jpg,227.20000000000002,40.96,345.6,142.08
333.jpg,227.20000000000002,40.96,345.6,142.08
334.jpg,227.20000000000002,40.96,345.6,142.08
335.jpg,227.20000000000002,40.96,345.6,142.08
336.jpg,227.20000000000002,40.96,345.6,142.08
337.jpg,227.20000000000002,40.96,345.6,142.08
338.jpg,227.20000000000002,40.96,345.6,142.08
339.jpg,227.20000000000002,40.96,345.6,142.08
340.jpg,227.20000000000002,40.96,345.6,142.08
341.jpg,227.20000000000002,40.96,345.6,142.08
342.jpg,227.20000000000002,40.96,345.6,142.08
343.jpg,227.20000000000002,40.96,345.6,142.08
344.jpg,227.20000000000002,40.96,345.6,142.08
345.jpg,227.20000000000002,40.96,345.6,142.08
346.jpg,227.20000000000002,40.96,345.6,142.08
347.jpg,227.20000000000002,40.96,345.6,142.08
348.jpg,227.20000000000002,40.96,345.6,142.08
349.jpg,227.20000000000002,40.96,345.6,142.08
350.jpg,227.20000000000002,40.96,345.6,142.08
351.jpg,227.20000000000002,40.96,345.6,142.08
352.jpg,227.20000000000002,40.96,345.6,142.08
353.jpg,227.20000000000002,40.96,345.6,142.08
354.jpg,227.20000000000002,40.96,345.6,142.08
355.jpg,227.20000000000002,40.96,345.6,142.08
356.jpg,227.20000000000002,40.96,345.6,142.08
357.jpg,227.20000000000002,40.96,345.6,142.08
358.jpg,227.20000000000002,40.96,345.6,142.08
359.jpg,227.20000000000002,40.96,345.6,142.08
360.jpg,227.20000000000002,40.96,345.6,142.08
361.jpg,227.20000000000002,40.96,345.6,142.08
362.jpg,227.20000000000002,40.96,345.6,142.08
363.jpg,227.20000000000002,40.96,345.6,142.08
364.jpg,227.20000000000002,40.96,345.6,142.08
365.jpg,227.20000000000002,40.96,345.6,142.08
366.jpg,227.20000000000002,40.96,345.6,142.08
