1.png,453,512,585,632
2.png,453,512,585,632
3.png,453,512,585,632
4.png,453,512,585,632
5.png,453,512,585,632
6.png,453,512,585,632
7.png,453,512,585,632
8.png,453,512,585,632
9.png,453,512,585,632
10.png,453,512,585,632
11.png,453,512,585,632
12.png,453,512,585,632
13.png,453,512,585,632
14.png,453,512,585,632
15.png,453,512,585,632
16.png,453,512,585,632
17.png,453,512,585,632
18.png,453,512,585,632
19.png,453,512,585,632
20.png,453,512,585,632
21.png,453,512,585,632
22.png,453,512,585,632
23.png,453,512,585,632
24.png,453,512,585,632
25.png,453,512,585,632
26.png,453,512,585,632
27.png,453,512,585,632
28.png,453,512,585,632
29.png,453,512,585,632
30.png,453,512,585,632
31.png,453,512,585,632
32.png,453,512,585,632
33.png,453,512,585,632
34.png,453,512,585,632
35.png,453,512,585,632
36.png,453,512,585,632