0.jpg,881.6,153.6,1064.0,293.12
1.jpg,881.6,153.6,1064.0,293.12
2.jpg,881.6,153.6,1064.0,293.12
3.jpg,881.6,153.6,1064.0,293.12
4.jpg,881.6,153.6,1064.0,293.12
5.jpg,881.6,153.6,1064.0,293.12
6.jpg,881.6,153.6,1064.0,293.12
7.jpg,881.6,153.6,1064.0,293.12
8.jpg,881.6,153.6,1064.0,293.12
9.jpg,881.6,153.6,1064.0,293.12
10.jpg,881.6,153.6,1064.0,293.12
11.jpg,881.6,153.6,1064.0,293.12
12.jpg,881.6,153.6,1064.0,293.12
13.jpg,881.6,153.6,1064.0,293.12
14.jpg,881.6,153.6,1064.0,293.12
15.jpg,881.6,153.6,1064.0,293.12
16.jpg,881.6,153.6,1064.0,293.12
17.jpg,881.6,153.6,1064.0,293.12
18.jpg,881.6,153.6,1064.0,293.12
19.jpg,881.6,153.6,1064.0,293.12
20.jpg,881.6,153.6,1064.0,293.12
21.jpg,881.6,153.6,1064.0,293.12
22.jpg,881.6,153.6,1064.0,293.12
23.jpg,881.6,153.6,1064.0,293.12
24.jpg,881.6,153.6,1064.0,293.12
25.jpg,881.6,153.6,1064.0,293.12
26.jpg,881.6,153.6,1064.0,293.12
27.jpg,881.6,153.6,1064.0,293.12
28.jpg,881.6,153.6,1064.0,293.12
29.jpg,881.6,153.6,1064.0,293.12
30.jpg,881.6,153.6,1064.0,293.12
31.jpg,881.6,153.6,1064.0,293.12
32.jpg,881.6,153.6,1064.0,293.12
33.jpg,881.6,153.6,1064.0,293.12
34.jpg,881.6,153.6,1064.0,293.12
35.jpg,881.6,153.6,1064.0,293.12
36.jpg,881.6,153.6,1064.0,293.12
37.jpg,881.6,153.6,1064.0,293.12
38.jpg,881.6,153.6,1064.0,293.12
39.jpg,881.6,153.6,1064.0,293.12
40.jpg,881.6,153.6,1064.0,293.12
41.jpg,881.6,153.6,1064.0,293.12
42.jpg,881.6,153.6,1064.0,293.12
43.jpg,881.6,153.6,1064.0,293.12
44.jpg,881.6,153.6,1064.0,293.12
45.jpg,881.6,153.6,1064.0,293.12
46.jpg,881.6,153.6,1064.0,293.12
47.jpg,881.6,153.6,1064.0,293.12
48.jpg,881.6,153.6,1064.0,293.12
49.jpg,881.6,153.6,1064.0,293.12
50.jpg,881.6,153.6,1064.0,293.12
51.jpg,881.6,153.6,1064.0,293.12
52.jpg,881.6,153.6,1064.0,293.12
53.jpg,881.6,153.6,1064.0,293.12
54.jpg,881.6,153.6,1064.0,293.12
55.jpg,881.6,153.6,1064.0,293.12
56.jpg,881.6,153.6,1064.0,293.12
57.jpg,881.6,153.6,1064.0,293.12
58.jpg,881.6,153.6,1064.0,293.12
59.jpg,881.6,153.6,1064.0,293.12
60.jpg,881.6,153.6,1064.0,293.12
61.jpg,881.6,153.6,1064.0,293.12
62.jpg,881.6,153.6,1064.0,293.12
63.jpg,881.6,153.6,1064.0,293.12
64.jpg,881.6,153.6,1064.0,293.12
65.jpg,881.6,153.6,1064.0,293.12
66.jpg,881.6,153.6,1064.0,293.12
67.jpg,881.6,153.6,1064.0,293.12
68.jpg,881.6,153.6,1064.0,293.12
69.jpg,881.6,153.6,1064.0,293.12
70.jpg,881.6,153.6,1064.0,293.12
71.jpg,881.6,153.6,1064.0,293.12
72.jpg,881.6,153.6,1064.0,293.12
73.jpg,881.6,153.6,1064.0,293.12
74.jpg,881.6,153.6,1064.0,293.12
75.jpg,881.6,153.6,1064.0,293.12
76.jpg,881.6,153.6,1064.0,293.12
77.jpg,881.6,153.6,1064.0,293.12
78.jpg,881.6,153.6,1064.0,293.12
79.jpg,881.6,153.6,1064.0,293.12
80.jpg,881.6,153.6,1064.0,293.12
81.jpg,881.6,153.6,1064.0,293.12
82.jpg,881.6,153.6,1064.0,293.12
83.jpg,881.6,153.6,1064.0,293.12
84.jpg,881.6,153.6,1064.0,293.12
85.jpg,881.6,153.6,1064.0,293.12
86.jpg,881.6,153.6,1064.0,293.12
87.jpg,881.6,153.6,1064.0,293.12
88.jpg,881.6,153.6,1064.0,293.12
89.jpg,881.6,153.6,1064.0,293.12
90.jpg,881.6,153.6,1064.0,293.12
91.jpg,881.6,153.6,1064.0,293.12
92.jpg,881.6,153.6,1064.0,293.12
93.jpg,881.6,153.6,1064.0,293.12
94.jpg,881.6,153.6,1064.0,293.12
95.jpg,881.6,153.6,1064.0,293.12
96.jpg,881.6,153.6,1064.0,293.12
97.jpg,881.6,153.6,1064.0,293.12
98.jpg,881.6,153.6,1064.0,293.12
99.jpg,881.6,153.6,1064.0,293.12
100.jpg,881.6,153.6,1064.0,293.12
101.jpg,881.6,153.6,1064.0,293.12
102.jpg,881.6,153.6,1064.0,293.12
103.jpg,881.6,153.6,1064.0,293.12
104.jpg,881.6,153.6,1064.0,293.12
105.jpg,881.6,153.6,1064.0,293.12
106.jpg,881.6,153.6,1064.0,293.12
107.jpg,881.6,153.6,1064.0,293.12
108.jpg,881.6,153.6,1064.0,293.12
109.jpg,881.6,153.6,1064.0,293.12
110.jpg,881.6,153.6,1064.0,293.12
111.jpg,881.6,153.6,1064.0,293.12
112.jpg,881.6,153.6,1064.0,293.12
113.jpg,881.6,153.6,1064.0,293.12
114.jpg,881.6,153.6,1064.0,293.12
115.jpg,881.6,153.6,1064.0,293.12
116.jpg,881.6,153.6,1064.0,293.12
117.jpg,881.6,153.6,1064.0,293.12
118.jpg,881.6,153.6,1064.0,293.12
119.jpg,881.6,153.6,1064.0,293.12
120.jpg,881.6,153.6,1064.0,293.12
121.jpg,881.6,153.6,1064.0,293.12
122.jpg,881.6,153.6,1064.0,293.12
123.jpg,881.6,153.6,1064.0,293.12
124.jpg,881.6,153.6,1064.0,293.12
125.jpg,881.6,153.6,1064.0,293.12
126.jpg,881.6,153.6,1064.0,293.12
127.jpg,881.6,153.6,1064.0,293.12
128.jpg,881.6,153.6,1064.0,293.12
129.jpg,881.6,153.6,1064.0,293.12
130.jpg,881.6,153.6,1064.0,293.12
131.jpg,881.6,153.6,1064.0,293.12
132.jpg,881.6,153.6,1064.0,293.12
133.jpg,881.6,153.6,1064.0,293.12
134.jpg,881.6,153.6,1064.0,293.12
135.jpg,881.6,153.6,1064.0,293.12
136.jpg,881.6,153.6,1064.0,293.12
137.jpg,881.6,153.6,1064.0,293.12
138.jpg,881.6,153.6,1064.0,293.12
139.jpg,881.6,153.6,1064.0,293.12
140.jpg,881.6,153.6,1064.0,293.12
141.jpg,881.6,153.6,1064.0,293.12
142.jpg,881.6,153.6,1064.0,293.12
143.jpg,881.6,153.6,1064.0,293.12
144.jpg,881.6,153.6,1064.0,293.12
145.jpg,881.6,153.6,1064.0,293.12
146.jpg,881.6,153.6,1064.0,293.12
147.jpg,881.6,153.6,1064.0,293.12
148.jpg,881.6,153.6,1064.0,293.12
149.jpg,881.6,153.6,1064.0,293.12
150.jpg,881.6,153.6,1064.0,293.12
151.jpg,881.6,153.6,1064.0,293.12
152.jpg,881.6,153.6,1064.0,293.12
153.jpg,881.6,153.6,1064.0,293.12
154.jpg,881.6,153.6,1064.0,293.12
155.jpg,881.6,153.6,1064.0,293.12
156.jpg,881.6,153.6,1064.0,293.12
157.jpg,881.6,153.6,1064.0,293.12
158.jpg,881.6,153.6,1064.0,293.12
159.jpg,881.6,153.6,1064.0,293.12
160.jpg,881.6,153.6,1064.0,293.12
161.jpg,881.6,153.6,1064.0,293.12
162.jpg,881.6,153.6,1064.0,293.12
163.jpg,881.6,153.6,1064.0,293.12
164.jpg,881.6,153.6,1064.0,293.12
165.jpg,881.6,153.6,1064.0,293.12
166.jpg,881.6,153.6,1064.0,293.12
167.jpg,881.6,153.6,1064.0,293.12
168.jpg,881.6,153.6,1064.0,293.12
169.jpg,881.6,153.6,1064.0,293.12
170.jpg,881.6,153.6,1064.0,293.12
171.jpg,881.6,153.6,1064.0,293.12
172.jpg,881.6,153.6,1064.0,293.12
173.jpg,881.6,153.6,1064.0,293.12
174.jpg,881.6,153.6,1064.0,293.12
175.jpg,881.6,153.6,1064.0,293.12
176.jpg,881.6,153.6,1064.0,293.12
177.jpg,881.6,153.6,1064.0,293.12
178.jpg,881.6,153.6,1064.0,293.12
179.jpg,881.6,153.6,1064.0,293.12
180.jpg,881.6,153.6,1064.0,293.12
181.jpg,881.6,153.6,1064.0,293.12
182.jpg,881.6,153.6,1064.0,293.12
183.jpg,881.6,153.6,1064.0,293.12
184.jpg,881.6,153.6,1064.0,293.12
185.jpg,881.6,153.6,1064.0,293.12
186.jpg,881.6,153.6,1064.0,293.12
187.jpg,881.6,153.6,1064.0,293.12
188.jpg,881.6,153.6,1064.0,293.12
189.jpg,881.6,153.6,1064.0,293.12
190.jpg,881.6,153.6,1064.0,293.12
191.jpg,881.6,153.6,1064.0,293.12
192.jpg,881.6,153.6,1064.0,293.12
193.jpg,881.6,153.6,1064.0,293.12
194.jpg,881.6,153.6,1064.0,293.12
195.jpg,881.6,153.6,1064.0,293.12
196.jpg,881.6,153.6,1064.0,293.12
197.jpg,881.6,153.6,1064.0,293.12
198.jpg,881.6,153.6,1064.0,293.12
199.jpg,881.6,153.6,1064.0,293.12
200.jpg,881.6,153.6,1064.0,293.12
201.jpg,881.6,153.6,1064.0,293.12
202.jpg,881.6,153.6,1064.0,293.12
203.jpg,881.6,153.6,1064.0,293.12
204.jpg,881.6,153.6,1064.0,293.12

